
dX1   dX2   dX3   APosCenter  BPosCenter  FPD-Rad  PcbXPosCenter PcbYPosCenter PCB-Rad  FDD  FOD  ODD  CenterCamVKS_X  CenterCamVKS_Y  Pix-Size  ResolX_Cam ResolY_Cam   ResolX_Slice ResolY_Slice
314535   140069   3500   243300   463400   160679   -171765   74943   25803   441463   70894   370569   -474096   203156   99.000000   15.893198   15.903308   0.000000   0.000000      

A1 999.368649   0.710255   -0.228338   A2 0.031003   -998.273887   1.330681   V1 -1000.355567   1.143481   0.390784   V2 1.227634   1000.101705   -0.646677   QX 1000.000000   0.000000   0.000000   a0 242.560765   465.111757   v0 -473.978061   202.881301   Q03 243.794685   A03 -369.376995   Alpha -0.000376  Beta 0.000000  Gamma 0.000000   
Time read void 0   
Machine-Type: FT   

No  PHI(Org)  PcbdAPos  PcbdBPos  FpdXPos FpdYPos    ZPos  Q1 Q2 Q3  V1 V2 V3  A1 A2 A3  F1 F2 F3  D1 D2 D3   time_void_remove

   1     257  -177569      49801   279444  619960  172900  0.000000 0.000000 70894.685113  -296702.380763 -152756.931996 214.825624  36865.514006 -154555.516116 -369179.362155  296702.380763 152756.931996 70679.859489  333082.691052 -1528.922862 -369450.744480  0 
   2     254  -178877      50139   287589  617854  172900  0.000000 0.000000 70894.685113  -295393.500741 -152420.393294 214.095901  45005.306364 -152447.366286 -369184.024378  295393.500741 152420.393294 70680.589212  339915.319695 240.881381 -369454.658268  0 
   3     251  -180165      50545   295611  615324  172900  0.000000 0.000000 70894.685113  -294104.544352 -152015.824805 213.330019  53022.163232 -149916.035690 -369189.222724  294104.544352 152015.824805 70681.355094  346645.002330 2365.997971 -369459.022259  0 
   4     248  -181430      51018   303491  612378  172900  0.000000 0.000000 70894.685113  -292838.513889 -151544.223203 212.529799  60897.096855 -146969.524013 -369194.942210  292838.513889 151544.223203 70682.155314  353255.749276 4839.427628 -369463.823485  0 
   5     245  -182669      51557   311205  609024  172900  0.000000 0.000000 70894.685113  -291598.411647 -151006.585158 211.697058  68606.122633 -143615.834492 -369201.166709  291598.411647 151006.585158 70682.988055  359726.574008 7654.167518 -369469.047837  0 
   6     242  -183878      52160   318734  605271  172900  0.000000 0.000000 70894.685113  -290388.241504 -150404.906299 210.834653  76130.252841 -139863.965087 -369207.879907  290388.241504 150404.906299 70683.850460  366042.486213 10803.219071 -369474.682575  0 
   7     239  -185054      52825   326055  601128  172900  0.000000 0.000000 70894.685113  -289211.006981 -149741.183399 209.945050  83446.502279 -135722.916599 -369215.064577  289211.006981 149741.183399 70684.740063  372183.498736 14279.580165 -369480.713817  0 
   8     236  -186193      53551   333150  596608  172900  0.000000 0.000000 70894.685113  -288070.710728 -149016.411987 209.030458  90536.882714 -131205.679374 -369222.699308  288070.710728 149016.411987 70685.654655  378135.620787 18071.261568 -369487.122398  0 
   9     233  -187293      54335   339999  591723  172900  0.000000 0.000000 70894.685113  -286969.357140 -148233.590080 208.093600  97381.407145 -126324.246902 -369230.763567  286969.357140 148233.590080 70686.591513  383880.864011 22169.266033 -369493.892232  0 
  10     230  -188350      55176   346582  586487  172900  0.000000 0.000000 70894.685113  -285910.948866 -147393.713206 207.136686  103960.088634 -121092.609223 -369239.234157  285910.948866 147393.713206 70687.548427  389403.238910 26560.604633 -369501.002367  0 
  11     227  -189362      56071   352882  580913  172900  0.000000 0.000000 70894.685113  -284897.490300 -146499.779383 206.162435  110255.938315 -115523.755973 -369248.089898  284897.490300 146499.779383 70688.522678  394687.755266 31235.283977 -369508.436070  0 
  12     224  -190326      57018   358882  575017  172900  0.000000 0.000000 70894.685113  -283931.984964 -145553.785385 205.173316  116251.967420 -109633.671607 -369257.305616  283931.984964 145553.785385 70689.511797  399720.422352 36179.318286 -369516.171517  0 
  13     221  -191238      58014   364565  568814  172900  0.000000 0.000000 70894.685113  -283018.437964 -144558.726942 204.172830  121931.187144 -103437.342309 -369266.857471  283018.437964 144558.726942 70690.512283  404488.248747 41380.719041 -369524.189769  0 
  14     218  -192098      59057   369916  562323  172900  0.000000 0.000000 70894.685113  -282156.851754 -143516.604258 203.162271  127278.607548 -96953.745936 -369276.716753  282156.851754 143516.604258 70691.522842  408976.244448 46822.504931 -369532.464781  0 
  15     215  -192901      60143   374920  555561  172900  0.000000 0.000000 70894.685113  -281352.233024 -142431.412022 202.146179  132279.238629 -90199.863797 -369286.857416  281352.233024 142431.412022 70692.538934  413174.416173 52491.691293 -369540.976971  0 
  16     212  -193647      61269   379563  548546  172900  0.000000 0.000000 70894.685113  -280604.585455 -141306.150540 201.126495  136919.089784 -83193.674767 -369297.252312  280604.585455 141306.150540 70693.558618  417068.773224 58373.294076 -369549.703180  0 
  17     209  -194332      62433   383833  541298  172900  0.000000 0.000000 70894.685113  -279917.912926 -140142.815440 200.106075  141186.169209 -75955.152847 -369307.872087  279917.912926 140142.815440 70694.579038  420651.321212 64449.338668 -369558.617631  0 
  18     206  -194956      63631   387717  533837  172900  0.000000 0.000000 70894.685113  -279292.220347 -138945.407130 199.087506  145067.485732 -68504.272746 -369318.687158  279292.220347 138945.407130 70695.597607  423909.068839 70703.843453 -369567.696064  0 
  19     203  -195516      64860   391205  526182  172900  0.000000 0.000000 70894.685113  -278730.512468 -137716.922484 198.073900  148553.046255 -60860.008773 -369329.669959  278730.512468 137716.922484 70696.611213  426835.021020 77120.831077 -369576.915590  0 
  20     200  -196011      66117   394288  518355  172900  0.000000 0.000000 70894.685113  -278233.793327 -136460.360665 197.067589  151633.857143 -53044.329344 -369340.789161  278233.793327 136460.360665 70697.617524  429421.183397 83681.328654 -369586.249099  0 
  21     197  -196440      67398   396958  510377  172900  0.000000 0.000000 70894.685113  -277803.068190 -135179.720934 196.071548  154301.924097 -45078.203893 -369352.014992  277803.068190 135179.720934 70698.613565  431660.560915 90368.360556 -369595.672372  0 
  22     194  -196801      68700   399206  502271  172900  0.000000 0.000000 70894.685113  -277440.341451 -133878.001311 195.088501  156548.253512 -36984.599112 -369363.314791  277440.341451 133878.001311 70699.596612  433546.158614 97161.956334 -369605.157195  0 
  23     191  -197093      70019   401026  494058  172900  0.000000 0.000000 70894.685113  -277146.618376 -132559.201059 194.121425  158366.849829 -28784.483014 -369374.659245  277146.618376 132559.201059 70700.563688  435072.980177 104045.141781 -369614.679807  0 
  24     188  -197316      71351   402415  485762  172900  0.000000 0.000000 70894.685113  -276921.903876 -131227.320585 193.172906  159754.715684 -20501.816303 -369386.015732  276921.903876 131227.320585 70701.512208  436238.028119 110997.949287 -369624.212908  0 
  25     185  -197469      72694   403367  477404  172900  0.000000 0.000000 70894.685113  -276767.200762 -129884.358948 192.244628  160705.855517 -12157.566992 -369397.354938  276767.200762 129884.358948 70702.440485  437036.306186 118001.408099 -369633.730074  0 
  26     182  -197552      74042   403881  469007  172900  0.000000 0.000000 70894.685113  -276682.516400 -128536.316758 191.340472  161219.270673 -3774.696091 -369408.646028  276682.516400 128536.316758 70703.344641  437466.815535 125038.546849 -369643.208455  0 
  27     179  -197564      75393   403954  460595  172900  0.000000 0.000000 70894.685113  -276668.853600 -127185.193077 190.462121  161291.963789 4622.835696 -369419.856382  276668.853600 127185.193077 70704.222992  437527.558113 132087.402091 -369652.618319  0 
  28     176  -197505      76742   403587  452191  172900  0.000000 0.000000 70894.685113  -276726.218500 -125835.988412 189.612810  160924.934948 13012.068780 -369430.955621  276726.218500 125835.988412 70705.072304  437219.533844 139130.005606 -369661.935943  0 
  29     173  -197375      78087   402781  443818  172900  0.000000 0.000000 70894.685113  -276854.613556 -124490.702966 188.793830  160119.184231 21370.043571 -369441.913370  276854.613556 124490.702966 70705.891283  436543.742750 146145.394353 -369671.133609  0 
  30     170  -197175      79423   401537  435498  172900  0.000000 0.000000 70894.685113  -277053.044551 -123154.338392 188.008026  158875.711688 29674.798755 -369452.700580  277053.044551 123154.338392 70706.677087  435500.185357 153116.597675 -369680.188698  0 
  31     167  -196906      80747   399860  427255  172900  0.000000 0.000000 70894.685113  -277320.514811 -121829.896138 187.256946  157199.514908 37902.379310 -369463.286458  277320.514811 121829.896138 70707.428167  434092.859791 160022.654661 -369689.074177  0 
  32     164  -196568      82055   397754  419110  172900  0.000000 0.000000 70894.685113  -277657.029247 -120521.376612 186.543178  155094.592015 46031.824324 -369473.643972  277657.029247 120521.376612 70708.141935  432325.764053 166846.597497 -369697.768339  0 
  33     161  -196162      83343   395224  411088  172900  0.000000 0.000000 70894.685113  -278061.592415 -119232.781362 185.868916  152565.940628 54038.180503 -369483.740997  278061.592415 119232.781362 70708.816197  430202.896269 173567.465272 -369706.244153  0 
  34     158  -195689      84608   392278  403208  172900  0.000000 0.000000 70894.685113  -278533.207641 -117967.111839 185.235710  149621.556285 61902.486323 -369493.554077  278533.207641 117967.111839 70709.449403  427731.252516 180169.290576 -369714.481926  0 
  35     155  -195150      85847   388924  395494  172900  0.000000 0.000000 70894.685113  -279070.878253 -116727.369490 184.645109  146269.434680 69600.788894 -369503.053103  279070.878253 116727.369490 70710.040004  424917.829026 186631.114628 -369722.455312  0 
  36     152  -194547      87056   385171  387965  172900  0.000000 0.000000 70894.685113  -279672.608451 -115517.557009 184.098919  142518.570720 77114.127405 -369512.214845  279672.608451 115517.557009 70710.586194  421769.621843 192937.968293 -369730.145950  0 
  37     149  -193882      88232   381028  380644  172900  0.000000 0.000000 70894.685113  -280336.401205 -114340.676989 183.598299  138377.959434 84419.547948 -369521.010755  280336.401205 114340.676989 70711.086814  418293.627169 199069.891064 -369737.528824  0 
  38     146  -193156      89371   376508  373549  172900  0.000000 0.000000 70894.685113  -281061.261072 -113200.730980 183.145443  133860.593175 91499.090827 -369529.419848  281061.261072 113200.730980 70711.539671  414501.837861 205012.915630 -369744.588044  0 
  39     143  -192372      90471   371623  366700  172900  0.000000 0.000000 70894.685113  -281844.189439 -112099.722615 182.740472  128978.464985 98332.799086 -369537.418249  281844.189439 112099.722615 70711.944641  410403.248795 210749.079453 -369751.301714  0 
  40     140  -191531      91528   366387  360117  172900  0.000000 0.000000 70894.685113  -282684.190861 -111041.653445 182.385584  123745.566645 104900.717192 -369544.982544  282684.190861 111041.653445 70712.299529  406010.852260 216262.419384 -369757.651511  0 
  41     137  -190636      92540   360813  353817  172900  0.000000 0.000000 70894.685113  -283578.266728 -110028.527104 182.080899  118174.890477 111185.883722 -369552.093077  283578.266728 110028.527104 70712.604214  401334.642407 221537.968418 -369763.619758  0 
  42     134  -189689      93504   354917  347817  172900  0.000000 0.000000 70894.685113  -284524.420011 -109063.346183 181.827575  112282.426903 117171.339384 -369558.730882  284524.420011 109063.346183 70712.857538  396388.610831 226561.760664 -369769.191023  0 
  43     131  -188693      94416   348714  342134  172900  0.000000 0.000000 70894.685113  -285519.654553 -108150.114521 181.627026  106083.166983 122840.124175 -369564.876761  285519.654553 108150.114521 70713.058087  391184.750360 231320.827084 -369774.350746  0 
  44     128  -187650      95276   342223  336783  172900  0.000000 0.000000 70894.685113  -286561.969644 -107288.834404 181.478472  99596.099184 128177.277483 -369570.515094  286561.969644 107288.834404 70713.206641  385740.050725 235800.205644 -369779.082849  0 
  45     125  -186564      96079   335461  331779  172900  0.000000 0.000000 70894.685113  -287647.370000 -106484.510914 181.383582  92838.213239 133167.837273 -369575.629800  287647.370000 106484.510914 70713.301531  380067.504028 239989.922839 -369783.376993  0 
  46     122  -185438      96825   328446  327136  172900  0.000000 0.000000 70894.685113  -288772.854553 -105737.147482 181.341184  85827.498218 137797.840495 -369580.206361  288772.854553 105737.147482 70713.343929  374182.101235 243876.013488 -369787.217975  0 
  47     119  -184274      97510   321198  322866  172900  0.000000 0.000000 70894.685113  -289936.427503 -105050.746801 181.353083  78583.941866 142055.322068 -369584.233376  289936.427503 105050.746801 70713.332030  368101.831227 247450.504185 -369790.599259  0 
  48     116  -183076      98134   313737  318982  172900  0.000000 0.000000 70894.685113  -291134.087429 -104425.313447 181.417716  71127.531958 145927.318636 -369587.698112  291134.087429 104425.313447 70713.267397  361842.684307 250700.428733 -369793.507199  0 
  49     113  -181847      98694   306082  315494  172900  0.000000 0.000000 70894.685113  -292362.836945 -103863.851153 181.535851  63477.256810 149403.860956 -369590.591602  292362.836945 103863.851153 70713.149262  355420.650590 253618.810579 -369795.936134  0 
  50     110  -180590      99189   298255  312411  172900  0.000000 0.000000 70894.685113  -293619.676214 -103367.363453 181.706962  55655.102810 152475.980188 -369592.906891  293619.676214 103367.363453 70712.978151  348854.718328 256197.677026 -369797.879757  0 
  51     107  -179309      99618   290277  309741  172900  0.000000 0.000000 70894.685113  -294900.605040 -102936.855022 181.930132  47682.056948 155135.705055 -369594.638131  294900.605040 102936.855022 70712.754981  342161.877006 258430.052232 -369799.332635  0 
  52     104  -178007      99979   282171  307493  172900  0.000000 0.000000 70894.685113  -296202.624812 -102574.329494 182.205483  39581.104982 157374.067430 -369595.778596  296202.624812 102574.329494 70712.479630  335362.114214 260308.962485 -369800.290020  0 
  53     101  -176688     100271   273958  305673  172900  0.000000 0.000000 70894.685113  -297521.735336 -102280.791544 182.532098  31373.233839 159185.092584 -369596.325097  297521.735336 102280.791544 70712.153015  328472.419373 261829.428490 -369800.749140  0 
  54      98  -175356     100494   265662  304284  172900  0.000000 0.000000 70894.685113  -298853.935188 -102056.245746 182.908413  23082.428461 160565.802742 -369596.279124  298853.935188 102056.245746 70711.776700  321512.779949 262988.469630 -369800.710570  0 
  55      95  -174013     100647   257304  303332  172900  0.000000 0.000000 70894.685113  -300197.224886 -101901.694490 183.334295  14729.675775 161510.223175 -369595.637486  300197.224886 101901.694490 70711.350818  314502.184103 263781.108030 -369800.171996  0 
  56      92  -172665     100730   248907  302818  172900  0.000000 0.000000 70894.685113  -301545.602297 -101817.144635 183.807399  6337.961291 162017.371945 -369594.404104  301545.602297 101817.144635 70710.877714  307457.621131 264206.357491 -369799.135967  0 
  57      89  -171314     100742   240495  302745  172900  0.000000 0.000000 70894.685113  -302897.067936 -101803.598571 184.327588  -2068.730051 162084.271278 -369592.580468  302897.067936 101803.598571 70710.357525  300401.077207 264262.237091 -369797.604846  0 
  58      86  -169965     100683   232091  303112  172900  0.000000 0.000000 70894.685113  -304246.620026 -101861.062015 184.892911  -10467.412802 161711.935782 -369590.173159  304246.620026 101861.062015 70709.792203  293350.540934 263949.757888 -369795.584075  0 
  59      83  -168620     100553   223718  303918  172900  0.000000 0.000000 70894.685113  -305592.257855 -101989.537255 185.502584  -18835.101515 160901.380068 -369587.188759  305592.257855 101989.537255 70709.182529  286326.999024 263269.933071 -369793.079778  0 
  60      80  -167284     100353   215398  305162  172900  0.000000 0.000000 70894.685113  -306928.978419 -102188.029904 186.154007  -27149.810111 159653.618035 -369583.633623  306928.978419 102188.029904 70708.531106  279347.440744 262222.774715 -369790.095837  0 
  61      77  -165960     100084   207155  306839  172900  0.000000 0.000000 70894.685113  -308253.779423 -102455.543293 186.845362  -35387.553896 157973.658098 -369579.519885  308253.779423 102455.543293 70707.839751  272432.852711 260812.290831 -369786.642371  0 
  62      74  -164652      99746   199010  308945  172900  0.000000 0.000000 70894.685113  -309562.659445 -102792.081996 187.575085  -43527.346253 155865.508268 -369574.857662  309562.659445 102792.081996 70707.110028  265600.224068 259042.486588 -369782.728583  0 
  63      71  -163364      99340   190988  311475  172900  0.000000 0.000000 70894.685113  -310851.615834 -103196.650484 188.340966  -51544.203122 153334.177672 -369569.659315  310851.615834 103196.650484 70706.344147  258870.541433 256917.369998 -369778.364592  0 
  64      68  -162099      98867   183108  314421  172900  0.000000 0.000000 70894.685113  -312117.646297 -103668.252086 189.141187  -59419.136745 150387.665995 -369563.939830  312117.646297 103668.252086 70705.543926  252259.794487 254443.940342 -369773.563366  0 
  65      65  -160860      98328   175394  317775  172900  0.000000 0.000000 70894.685113  -313357.748539 -104205.890132 189.973928  -67128.162523 147033.976474 -369557.715331  313357.748539 104205.890132 70704.711185  245788.969755 251629.200451 -369768.339014  0 
  66      62  -159651      97725   167865  321528  172900  0.000000 0.000000 70894.685113  -314567.918682 -104807.568991 190.836333  -74652.292731 143282.107069 -369551.002132  314567.918682 104807.568991 70703.848780  239473.057549 248480.148898 -369762.704276  0 
  67      59  -158475      97060   160544  325671  172900  0.000000 0.000000 70894.685113  -315745.153205 -105471.291890 191.725936  -81968.542169 139141.058581 -369543.817463  315745.153205 105471.291890 70702.959177  233332.045026 245003.787805 -369756.673034  0 
  68      56  -157336      96334   153449  330191  172900  0.000000 0.000000 70894.685113  -316885.449458 -106196.063302 192.640527  -89058.922604 134623.821356 -369536.182731  316885.449458 106196.063302 70702.044586  227379.922975 241212.106401 -369750.264453  0 
  69      53  -156236      95550   146600  335076  172900  0.000000 0.000000 70894.685113  -317986.803046 -106978.885209 193.577385  -95903.447035 129742.388884 -369528.118472  317986.803046 106978.885209 70701.107728  221634.679752 237114.101936 -369743.494619  0 
  70      50  -155179      94709   140017  340312  172900  0.000000 0.000000 70894.685113  -319045.211320 -107818.762083 194.534300  -102482.128524 124510.751205 -369519.647882  319045.211320 107818.762083 70700.150813  216112.304853 232722.763336 -369736.384484  0 
  71      47  -154167      93814   133717  345886  172900  0.000000 0.000000 70894.685113  -320058.669886 -108712.695906 195.508550  -108777.978205 118941.897955 -369510.792142  320058.669886 108712.695906 70699.176563  210827.788496 228048.083992 -369728.950781  0 
  72      44  -153203      92867   127717  351782  172900  0.000000 0.000000 70894.685113  -321024.175222 -109658.689904 196.497670  -114774.007309 113051.813589 -369501.576423  321024.175222 109658.689904 70698.187443  205795.121411 223104.049683 -369721.215334  0 
  73      41  -152291      91871   122034  357985  172900  0.000000 0.000000 70894.685113  -321937.722222 -110653.748347 197.498156  -120453.227034 106855.484291 -369492.024569  321937.722222 110653.748347 70697.186957  201027.295016 217902.648928 -369713.197082  0 
  74      38  -151431      90828   116683  364476  172900  0.000000 0.000000 70894.685113  -322799.308431 -111695.871031 198.508715  -125800.647438 100371.887918 -369482.165287  322799.308431 111695.871031 70696.176398  196539.299314 212460.863038 -369704.922070  0 
  75      35  -150628      89742   111679  371238  172900  0.000000 0.000000 70894.685113  -323603.927162 -112781.063267 199.524807  -130801.278519 93618.005779 -369472.024623  323603.927162 112781.063267 70695.160306  192341.127590 206791.676676 -369696.409880  0 
  76      32  -149882      88616   107036  378253  172900  0.000000 0.000000 70894.685113  -324351.574730 -113906.324750 200.544491  -135441.129674 86611.816749 -369461.629727  324351.574730 113906.324750 70694.140622  188446.770538 200910.073893 -369687.683671  0 
  77      29  -149197      87452   102766  385501  172900  0.000000 0.000000 70894.685113  -325038.247259 -115069.659849 201.564911  -139708.209099 79373.294829 -369451.009953  325038.247259 115069.659849 70693.120202  184864.222551 194834.029301 -369678.769220  0 
  78      26  -148573      86254    98882  392962  172900  0.000000 0.000000 70894.685113  -325663.939838 -116267.068159 202.583480  -143589.525622 71922.414729 -369440.194882  325663.939838 116267.068159 70692.101633  181606.474924 188579.524516 -369669.690787  0 
  79      23  -148013      85025    95394  400617  172900  0.000000 0.000000 70894.685113  -326225.647718 -117495.552805 203.597085  -147075.086145 64278.150755 -369429.212081  326225.647718 117495.552805 70691.088028  178680.522742 182162.536892 -369660.471261  0 
  80      20  -147518      83768    92311  408444  172900  0.000000 0.000000 70894.685113  -326722.366859 -118752.114625 204.603397  -150155.897032 56462.471326 -369418.092879  326722.366859 118752.114625 70690.081716  176094.360366 175602.039315 -369651.137752  0 
  81      17  -147089      82487    89641  416422  172900  0.000000 0.000000 70894.685113  -327153.091996 -120032.754355 205.599437  -152823.963986 48496.345875 -369406.867048  327153.091996 120032.754355 70689.085676  173854.982848 168915.007413 -369641.714479  0 
  82      14  -146728      81185    87393  424528  172900  0.000000 0.000000 70894.685113  -327515.818735 -121334.473978 206.582485  -155070.293402 40402.741094 -369395.567248  327515.818735 121334.473978 70688.102628  171969.385149 162121.411635 -369632.229656  0 
  83      11  -146436      79866    85573  432741  172900  0.000000 0.000000 70894.685113  -327809.541810 -122653.274230 207.549561  -156888.889719 32202.624996 -369384.222794  327809.541810 122653.274230 70687.135552  170442.563585 155238.226188 -369622.707044  0 
  84       8  -146213      78534    84184  441037  172900  0.000000 0.000000 70894.685113  -328034.256309 -123985.154705 208.498080  -158276.755574 23919.958285 -369372.866307  328034.256309 123985.154705 70686.187033  169277.515643 148285.418682 -369613.173943  0 
  85       5  -146060      77191    83232  449395  172900  0.000000 0.000000 70894.685113  -328188.959423 -125328.116342 209.426358  -159227.895407 15575.708974 -369361.527102  328188.959423 125328.116342 70685.258755  168479.237577 141281.959870 -369603.656777  0 
  86       2  -145977      75843    82718  457792  172900  0.000000 0.000000 70894.685113  -328273.643786 -126676.158531 210.330514  -159741.310563 7192.838073 -369350.236011  328273.643786 126676.158531 70684.354599  168048.728227 134244.821120 -369594.178396  0 
  87     359  -145965      74492    82645  466204  172900  0.000000 0.000000 70894.685113  -328287.306586 -128027.282212 211.208865  -159814.003679 -1204.693714 -369339.025658  328287.306586 128027.282212 70683.476248  167987.985650 127195.965878 -369584.768532  0 
  88     356  -146024      73143    83012  474608  172900  0.000000 0.000000 70894.685113  -328229.941686 -129376.486878 212.058176  -159446.974838 -9593.926798 -369327.926418  328229.941686 129376.486878 70682.626937  168296.009918 120153.362363 -369575.450909  0 
  89     353  -146154      71798    83818  482981  172900  0.000000 0.000000 70894.685113  -328101.546629 -130721.772323 212.877155  -158641.224121 -17951.901589 -369316.968670  328101.546629 130721.772323 70681.807958  168971.801012 113137.973616 -369566.253242  0 
  90     350  -146354      70462    85062  491301  172900  0.000000 0.000000 70894.685113  -327903.115635 -132058.136897 213.662960  -157397.751578 -26256.656773 -369306.181460  327903.115635 132058.136897 70681.022153  170015.358405 106166.770295 -369557.198153  0 
  91     347  -146623      69138    86739  499544  172900  0.000000 0.000000 70894.685113  -327635.645375 -133382.579151 214.414039  -155721.554798 -34484.237328 -369295.595582  327635.645375 133382.579151 70680.271074  171422.683972 99260.713308 -369548.312674  0 
  92     344  -146961      67830    88845  507689  172900  0.000000 0.000000 70894.685113  -327299.130938 -134691.098678 215.127808  -153616.631905 -42613.682342 -369285.238068  327299.130938 134691.098678 70679.557305  173189.779709 92436.770472 -369539.618512  0 
  93     341  -147367      66542    91375  515711  172900  0.000000 0.000000 70894.685113  -326894.567771 -135979.693927 215.802070  -151087.980518 -50620.038521 -369275.141043  326894.567771 135979.693927 70678.883043  175312.647493 85715.902697 -369531.142698  0 
  94     338  -147840      65277    94321  523591  172900  0.000000 0.000000 70894.685113  -326422.952544 -137245.363451 216.435276  -148143.596175 -58484.344341 -369265.327962  326422.952544 137245.363451 70678.249837  177784.291246 79114.077393 -369522.904925  0 
  95     335  -148379      64038    97675  531305  172900  0.000000 0.000000 70894.685113  -325885.281932 -138485.105799 217.025876  -144791.474570 -66182.646912 -369255.828937  325885.281932 138485.105799 70677.659237  180597.714737 72652.253341 -369514.931539  0 
  96     332  -148982      62829   101428  538834  172900  0.000000 0.000000 70894.685113  -325283.551735 -139694.918280 217.572066  -141040.610610 -73695.985423 -369246.667194  325283.551735 139694.918280 70677.113047  183745.921920 66345.399676 -369507.240901  0 
  97     329  -149647      61653   105571  546155  172900  0.000000 0.000000 70894.685113  -324619.758980 -140871.798300 218.072687  -136899.999324 -81001.405966 -369237.871284  324619.758980 140871.798300 70676.612426  187221.916594 60213.476905 -369499.858027  0 
  98     326  -150373      60514   110091  553250  172900  0.000000 0.000000 70894.685113  -323894.899114 -142011.744310 218.525543  -132382.633065 -88080.948845 -369229.462192  323894.899114 142011.744310 70676.159570  191013.705902 54270.452339 -369492.798807  0 
  99     323  -151157      59414   114976  560099  172900  0.000000 0.000000 70894.685113  -323111.970747 -143112.752674 218.930513  -127500.504875 -94914.657104 -369221.463790  323111.970747 143112.752674 70675.754600  195112.294968 48534.288516 -369486.085137  0 
 100     320  -151998      58357   120212  566682  172900  0.000000 0.000000 70894.685113  -322271.969324 -144170.821844 219.285402  -122267.606535 -101482.575210 -369213.899496  322271.969324 144170.821844 70675.399711  199504.691503 43020.948585 -369479.735340  0 
 101     317  -152893      57345   125786  572982  172900  0.000000 0.000000 70894.685113  -321377.893457 -145183.948186 219.590087  -116696.930367 -107767.741740 -369206.788962  321377.893457 145183.948186 70675.095026  204180.901356 37745.399551 -369473.767093  0 
 102     314  -153840      56381   131682  578982  172900  0.000000 0.000000 70894.685113  -320431.740175 -146149.129106 219.843411  -110804.466793 -113753.197402 -369200.151157  320431.740175 146149.129106 70674.841702  209126.932931 32721.607305 -369468.195828  0 
 103     311  -154836      55469   137885  584665  172900  0.000000 0.000000 70894.685113  -319436.505632 -147062.360768 220.043960  -104605.206873 -119421.982193 -369194.005278  319436.505632 147062.360768 70674.641153  214330.793403 27962.540885 -369463.036106  0 
 104     308  -155879      54609   144376  590016  172900  0.000000 0.000000 70894.685113  -318394.190541 -147923.640886 220.192514  -98118.139074 -124759.135501 -369188.366946  318394.190541 147923.640886 70674.492599  219775.493038 23483.162325 -369458.304003  0 
 105     305  -156965      53806   151138  595020  172900  0.000000 0.000000 70894.685113  -317308.790186 -148727.964376 220.287404  -91360.253129 -129749.695291 -369183.252240  317308.790186 148727.964376 70674.397709  225448.039734 19293.445130 -369454.009858  0 
 106     302  -158091      53060   158153  599663  172900  0.000000 0.000000 70894.685113  -316183.305633 -149475.327808 220.329802  -84349.538108 -134379.698513 -369178.675678  316183.305633 149475.327808 70674.355311  231333.442528 15407.354481 -369450.168876  0 
 107     299  -159255      52375   165401  603933  172900  0.000000 0.000000 70894.685113  -315019.732682 -150161.728488 220.317903  -77105.981756 -138637.180086 -369174.648663  315019.732682 150161.728488 70674.367210  237413.712536 11832.863784 -369446.787592  0 
 108     296  -160453      51751   172862  607817  172900  0.000000 0.000000 70894.685113  -313822.072757 -150787.161843 220.253270  -69649.571848 -142509.176654 -369171.183927  313822.072757 150787.161843 70674.431843  243672.859456 8582.939236 -369443.879652  0 
 109     293  -161682      51191   180517  611305  172900  0.000000 0.000000 70894.685113  -312593.323240 -151348.624136 220.135135  -61999.296700 -145985.718974 -369168.290438  312593.323240 151348.624136 70674.549978  250094.893173 5664.557391 -369441.450717  0 
 110     290  -162939      50696   188344  614388  172900  0.000000 0.000000 70894.685113  -311336.483972 -151845.111836 219.964024  -54177.142699 -149057.838206 -369165.975148  311336.483972 151845.111836 70674.721089  256660.825434 3085.690943 -369439.507094  0 
 111     287  -164220      50267   196322  617058  172900  0.000000 0.000000 70894.685113  -310055.555146 -152275.620267 219.740854  -46204.096837 -151717.563073 -369164.243909  310055.555146 152275.620267 70674.944259  263353.666756 853.315737 -369438.054216  0 
 112     284  -165522      49906   204428  619306  172900  0.000000 0.000000 70894.685113  -308753.535373 -152638.145796 219.465503  -38103.144871 -153955.925448 -369163.103444  308753.535373 152638.145796 70675.219610  270153.429549 -1025.594516 -369437.096831  0 
 113     281  -166841      49614   212641  621126  172900  0.000000 0.000000 70894.685113  -307434.424850 -152931.683746 219.138888  -29895.273729 -155766.950602 -369162.556942  307434.424850 152931.683746 70675.546225  277043.124390 -2546.060521 -369436.637711  0 
 114     278  -168173      49391   220937  622515  172900  0.000000 0.000000 70894.685113  -306102.224998 -153156.229543 218.762572  -21604.468351 -157147.660760 -369162.602916  306102.224998 153156.229543 70675.922541  284002.763813 -3705.101661 -369436.676281  0 
 115     275  -169516      49238   229295  623467  172900  0.000000 0.000000 70894.685113  -304758.935299 -153310.780800 218.336690  -13251.715665 -158092.081193 -369163.244554  304758.935299 153310.780800 70676.348423  291013.359660 -4497.740061 -369437.214855  0 
 116     272  -170864      49155   237692  623981  172900  0.000000 0.000000 70894.685113  -303410.557889 -153395.330654 217.863587  -4860.001181 -158599.229963 -369164.477935  303410.557889 153395.330654 70676.821526  298057.922631 -4922.989522 -369438.250884  0 
 117     269  -172215      49143   246104  624054  172900  0.000000 0.000000 70894.685113  -302059.092250 -153408.876718 217.343398  3546.690161 -158666.129296 -369166.301572  302059.092250 153408.876718 70677.341715  305114.466556 -4978.869122 -369439.782005  0 
 118     266  -173564      49202   254508  623687  172900  0.000000 0.000000 70894.685113  -300709.540160 -153351.413274 216.778075  11945.372912 -158293.793800 -369168.708881  300709.540160 153351.413274 70677.907038  312165.002828 -4666.389919 -369441.802776  0 
 119     263  -174909      49332   262881  622881  172900  0.000000 0.000000 70894.685113  -299363.902330 -153222.938035 216.168402  20313.061625 -157483.238086 -369171.693281  299363.902330 153222.938035 70678.516711  319188.544738 -3986.565102 -369444.307073  0 
 120     260  -176245      49532   271201  621637  172900  0.000000 0.000000 70894.685113  -298027.181766 -153024.445385 215.516979  28627.770221 -156235.476053 -369175.248416  298027.181766 153024.445385 70679.168134  326168.103019 -2939.406746 -369447.291014  0 
